1.142398234196799311e+00 5.510683995807445612e+00
2.917585909882216555e-01 1.024409453833515116e+00
2.160084660597064943e+00 4.564148020033693243e+00
1.576126198337842954e+00 -7.128305358344859677e-01
3.030108907147104347e+00 -6.060308468123931647e-02
-2.328612094076292216e+00 -2.333234264793542678e+00
7.748958461590262914e-01 2.903439287811036884e+00
1.915952253685096585e+00 2.893939746859238049e+00
5.508619489011003623e+00 5.843592043350223975e+00
6.917585733379128854e+00 8.695101915147287031e+00
1.559213259705048982e+00 -7.077896883933521011e-01
3.763852119367408378e+00 3.846393487097435671e+00
-3.594554692880920221e-01 -2.519849205938904824e+00
1.180400796944457653e+00 1.784272911249267235e-01
3.867842147326574054e+00 3.485064852371422273e+00
2.631682600416560547e+00 8.075690471983940633e-01
7.648897952825110202e+00 5.035397131000303617e+00
3.241622011661593028e+00 1.172799683900234147e+00
6.433057446020101544e+00 6.179573923392085000e+00
-4.271836173703635886e-01 6.170849092561492277e-01
5.397350449187118926e+00 8.845120524526343786e+00
4.260275078344020194e+00 4.872688238114737835e+00
2.769674116425966837e+00 4.415249051126602708e+00
1.465855835029148402e-01 -1.324308603103672155e+00
-9.166982953620270713e-01 3.526072578316426842e+00
5.245464781108230667e+00 3.865676547363172233e+00
9.360079142281849673e-01 1.185713907919607735e-01
5.420002059048580456e+00 3.653857384580739609e+00
1.045527804839059272e+01 8.074265002481133990e+00
2.901231990457407761e+00 3.956282776890196473e+00
1.950262677126824107e+00 -7.203632086959790293e-01
4.756371473568139940e+00 6.990637092922411533e+00
1.870677567517212925e+00 1.122557493113646387e+00
4.074806792013634382e-01 1.608569707808650717e+00
1.256506619482436582e+00 -1.234646247725499357e-01
1.850673459678298327e+00 7.005011335235433734e-02
-8.872378176549311490e-02 7.380396423438877473e-01
-5.533362625667046508e-01 1.259332701280738043e+00
8.053711550961606402e-01 3.448564880185974957e+00
3.373901766430654092e+00 -8.071954086647004090e-02
4.946110539754666746e-01 -3.938748320104731526e+00
2.341959294143132642e+00 -1.517909325458075109e+00
5.184836899509759789e+00 4.199700117496761642e+00
3.046092481498456461e+00 2.609744083709614415e+00
3.686782458177782829e+00 1.763364803190195174e+00
2.329230013562377355e+00 2.531400057329447062e+00
4.669128115099505649e+00 6.959182157950911218e+00
2.807370910411682630e+00 1.753381824705314562e+00
4.056564419512271868e+00 3.836228923422832615e+00
2.999944389423891522e+00 2.602759291004219655e+00
-4.510977327693666439e+00 -3.984986558756538955e+00
7.283780546148586055e-01 2.754867271801004769e+00
6.460207461601608081e-02 1.553958278701220719e+00
5.492915418697800867e+00 4.848111479180004402e+00
1.549229415394554055e+00 1.155586580757051784e+00
-3.715456671809596045e-01 2.510280936405313135e+00
2.113702758129811787e-01 1.974620881392174176e+00
3.026532535036089655e+00 2.656570910007504782e+00
2.022921189138302545e+00 2.526130536332527043e+00
2.108709184029013972e+00 4.480179604441111962e+00
3.991220905606298608e+00 1.529695467417614640e+00
4.143115204066171842e+00 3.768659319899864357e+00
1.637662608735944048e+00 3.469666972659291027e+00
3.165921615115954157e+00 3.492525132429586066e+00
6.774597693074485782e+00 4.923421560260162977e+00
-4.571887702830457201e-02 6.948445054093750350e-01
4.208174046199308904e-02 -1.499462936944605751e+00
-1.018136927381041446e-01 2.551232223910515629e-02
2.048876203857664891e+00 -1.747692662993544754e+00
2.186800163283054932e+00 -7.722351635134918624e-01
3.039375496482385586e+00 4.443605859892828747e+00
-1.003306188951821554e+00 -1.086626526009096594e+00
2.899281731050086908e+00 4.345508915887595691e+00
1.425961501522381880e+00 2.393197740839643206e+00
1.424648057910621990e+00 3.961453058394399207e+00
1.919845351952689683e+00 4.720990233309780848e+00
3.877544939194335072e+00 6.014659675476269562e+00
6.521303339461331561e+00 6.019284765320242592e+00
4.429426991288199389e+00 2.249217021322684307e+00
2.673672626834721289e+00 2.190470691786074564e+00
2.195559443179940118e+00 2.232767655011609786e+00
3.081355832409173878e+00 3.578308817826160393e+00
4.759043990927752432e+00 8.840355580603370456e+00
4.934703398966611587e+00 3.039195593836543807e+00
4.544268403121760613e+00 4.835348968343963882e+00
3.634496345601008649e+00 3.299679477096973290e+00
-9.373895177420110691e-01 -1.515467183476705504e+00
3.300116381059712722e+00 4.618893952299700345e+00
2.793028522926962687e+00 2.694607404525843464e+00
-8.849255263978119679e-01 -7.991524919317014586e-01
-2.607875109686670356e-01 -4.701856256550903446e+00
9.083903499101924073e-01 9.462146413929934941e-01
4.324510715600766275e+00 3.633548095835349656e+00
2.437503612683047383e+00 2.964144218983712165e+00
3.101002503708158553e+00 -9.914577389726817458e-01
1.122134299079757591e+00 6.902006529208073449e-01
2.545512333152765372e+00 -2.491174983217669947e-02
3.131221035200948855e+00 -1.492288361540841546e+00
3.357973097666707929e+00 1.908114045029800643e-01
1.088401766831260886e+00 4.745016917621876829e+00
3.802497107500813378e+00 3.834519985408492815e+00
2.034482827516165049e+00 2.268030328955856323e+00
1.887970595742417101e+00 3.411726001143652098e+00
4.770116136785928163e+00 2.324266047458903195e+00
1.868906407421620619e+00 3.780397348604546792e+00
5.898105902242330778e+00 4.718995839200093911e+00
3.799946098796454397e+00 1.799876512540151907e+00
3.130015787806139649e+00 3.915093532961483991e+00
2.088516134405717928e+00 -9.527275478515364604e-01
-3.538322467054189957e+00 -1.611967334351760428e-04
1.265293665891849439e+00 -3.350609518494884753e-02
4.994830953385027250e+00 3.308013714990662102e+00
4.491906455056483338e+00 2.298942541567176256e+00
2.781857132792393550e+00 4.976089454372814025e-01
4.419753953186525308e+00 3.732027832753941787e+00
1.791791201703514913e+00 7.917302015781670921e-01
3.114147184143514213e-01 -1.983839916645888657e+00
7.095288103474005403e+00 7.000994328136416200e+00
2.575030738265439822e+00 4.404822268559431819e+00
-3.778972144051190085e+00 -2.404946495380715810e+00
3.816895216837688842e+00 3.142788791830839479e+00
3.939924280778120291e+00 4.708389229913853669e+00
3.257076194554546333e+00 3.617000752845616063e+00
6.248015899172283394e-01 -9.410885603947738431e-02
1.440550428234560698e+00 -3.173450108476467690e-01
4.129432899968234594e+00 3.007843709262505438e+00
-1.499969910233147186e+00 -1.092139596081957542e+00
2.634788731166073816e+00 2.387792754886211455e+00
4.257720369613638312e+00 3.475624424849771188e+00
3.481948506383515163e+00 2.814801341571310456e+00
1.883590635055684581e+00 8.034337210748867530e-01
-1.833715832020938574e+00 8.282310751082333500e-01
8.410945008997353867e+00 8.325476453460545656e+00
2.459405298931740536e-01 -8.132525428459711492e-01
3.108271554936500536e+00 -2.052072153703051960e+00
2.149571976730478617e+00 1.556680741474348650e+00
3.340203647891033079e+00 1.140364852052201394e+00
3.982074241191903674e+00 5.126162132539739957e+00
6.974291544542860599e+00 5.120000145338381436e+00
2.526991284692006179e-01 3.290458081425875925e+00
3.931507103704210859e+00 2.057410689634043166e+00
-2.182654094270679579e-01 1.436015938205880138e+00
2.943949660064209883e+00 1.578158082041394072e+00
3.936256434736788101e+00 3.460307453564131386e+00
-8.309072232169478767e-02 5.460851031248510346e-01
8.042095718241579760e-01 1.643058637306632708e+00
2.452380437254706003e+00 1.328883916418142519e+00
1.755385499116242309e+00 1.709480209190500810e+00
3.917423944319887497e+00 3.933445062079719445e+00
-2.360901635367410378e+00 -3.528121501543790117e+00
-3.419918323816724559e+00 -1.755970082253024422e-01
7.929196592366445806e+00 9.444148092334227584e+00
6.335232868452720822e+00 4.932986196901815390e+00
4.524807670725148334e-01 4.668849401046306191e+00
4.492352856943769623e+00 5.161215480895800845e+00
2.725262116088189579e+00 5.692351931916231678e+00
1.253926005091727358e+00 3.041042007821647353e+00
-6.923859984273694756e-01 -1.535280429274612946e+00
2.444237008476541462e+00 1.623447928249048822e+00
1.043757403310618948e+00 8.263457758513839124e-01
1.988055525800109802e-01 -2.152695148926264679e+00
2.570623571366713378e+00 5.111334137727109095e+00
9.394941473652318464e-02 3.251537741487099176e+00
2.695193905988608751e+00 4.243939756950950049e+00
9.531604191602749410e-02 6.037886109160033321e-01
-4.599069225587887111e+00 -1.850358303338535126e+00
5.404635422543757173e+00 4.402488755540638010e+00
1.285844905143027184e+00 1.387179568748345915e+00
3.709846724381107741e+00 1.859335939202348076e+00
-5.492128066552721677e-01 -5.750439672871632268e-01
2.860917737122116389e+00 4.954876278045241556e-01
4.290370769876271417e+00 2.572901654956578188e+00
-3.433494929028064746e-01 3.932302300244283622e+00
5.670158766177840093e+00 5.650130737102676548e+00
2.501887157564320230e+00 3.394269361854999278e+00
6.195439455642279825e+00 4.297971481427769191e+00
9.302237889677780203e-01 1.685015461011692084e+00
6.202711940009413283e+00 5.567476211649577067e+00
2.444548384298502519e+00 5.986586928262050300e+00
2.850288215552583715e+00 1.586257076814792111e+00
-1.589179682691420847e+00 -1.485658644752270163e+00
4.037867914503874722e+00 4.025307142813165484e+00
1.564283712744444665e+00 -4.687170760223633437e-01
4.917838358041402458e+00 2.676506140609466566e+00
-1.338659293852786369e-01 -9.017018007317867401e-01
-4.712345820051639045e+00 -1.608585207680043982e+00
8.190484660779141279e+00 8.726270676365988521e+00
6.840637854846706389e+00 6.391829814802461485e+00
2.061515471162671531e+00 3.959720815074881273e+00
2.838703883814399642e+00 2.868989121335423054e+00
1.151866819402701969e+00 4.584070880051968722e+00
-2.352109806390238589e+00 -4.330489127467610722e+00
3.398223429595250256e+00 2.491577882988850856e+00
-3.475096995914441322e+00 -2.397228264975892920e+00
2.512853829930156380e+00 1.668143236456789413e+00
6.249999254506242163e-01 -2.010905566867259964e+00
-1.593234156133042756e+00 -3.114145648151540158e+00
2.387866149702650098e+00 1.609729906495492635e+00
2.633943833175852234e+00 6.653413140820829241e+00
3.334548476123639915e+00 2.635852459782426216e+00
2.897544169511871992e+00 1.090958669971441974e+00
5.000297960903282934e+00 4.040797661990897183e+00
-5.161577014062936897e-01 -1.131928980308471111e+00
-1.466978114270049094e+00 -2.128832854702738864e+00
1.520666177960776411e+00 3.358755057827485402e+00
-1.088991810631817714e+00 -7.204484664686590101e-01
2.584841470864301272e+00 2.607350491496621459e+00
2.174689990478188228e+00 2.957303185176614502e+00
3.646217439967713858e+00 6.239347380085237482e+00
2.021210425975456637e+00 3.372268317332269838e+00
2.542559724801265464e-01 2.716385369987122544e+00
1.969306566191594277e+00 1.100840239226335004e+00
1.575318388962957616e+00 2.548149241829874789e+00
1.948479136292150082e+00 9.935068731222282956e-01
-1.288629872803985776e+00 -3.194676770385729725e+00
2.568903325093947032e+00 7.748320158664219193e+00
3.459999720226114128e+00 3.199282617763715919e+00
4.395389793839036052e+00 4.243690054308462578e+00
5.516195296285058447e+00 6.080857307837405301e+00
-5.415638099670463390e-01 4.961166421710665464e-01
2.463153320500762522e+00 -2.343789533405069569e+00
5.959893068876250588e+00 6.997170437394854225e+00
-1.942390320361879752e+00 -7.829163357703641246e-01
-3.177250446755506275e-01 -3.157008233234659400e+00
-5.844698800742467171e-01 2.978008897709363278e-01
3.228039913346139489e+00 5.176570575139621155e+00
1.090830871080330500e-01 -7.571606208417409611e-01
1.741160224247970456e+00 2.257410154738759278e+00
3.003296755167047749e+00 4.137357134355834631e+00
3.185975200871000723e+00 1.641233739349606369e+00
1.203704044638880699e+00 -2.083357041036492774e+00
4.074241164618918276e+00 3.457721201676950962e+00
3.843909457376967431e+00 5.460267494325332649e+00
-1.017542381823644426e+00 1.082137058708673161e+00
-2.186198111394332955e-02 4.489346094713786428e-01
-3.788432943817929832e-01 2.911757652058792889e-01
-1.940735553962250837e+00 -1.302638067518519627e+00
4.243054580520257524e+00 3.942406716726145621e+00
1.272625924753326920e+00 1.353411642360712319e+00
3.722773143092890091e+00 2.125019274914216272e+00
3.011360406705358539e+00 3.563512901299709767e+00
2.009216859034290703e+00 2.600092580874429515e+00
3.507115747316134069e+00 2.768324693157937499e-01
7.756177946184228400e-01 2.327095558280977805e+00
-3.078053152811447646e+00 -1.734292113773835187e+00
2.915254821856975820e+00 2.273697778136829051e+00
2.229683576234032127e+00 2.267263074815508261e+00
3.984963188002019763e+00 4.741289177453731796e+00
4.235090610114934151e+00 3.256410847527613228e-01
1.892235475435513958e+00 1.906691207878483674e-01
4.153143948327508994e+00 7.342623962876009713e+00
3.057806278507484432e+00 3.173634034947212079e+00
-5.154536741142172751e-01 -3.857516241006786473e+00
1.222309015230123475e+00 2.948210459574346576e+00
9.618802633993572826e-01 1.427256793269628066e+00
2.246998230113596229e+00 5.159839331716897348e+00
2.622652282282487146e-01 8.961806001474006411e-01
2.118265073928480291e-01 1.542765270513467124e+00
6.364368548089673894e-01 -1.097098066578488407e+00
-1.585510496564658034e+00 1.252252919179766000e+00
1.985714410871506574e+00 6.487061205473829695e-01
4.334862490734824547e+00 4.419443212573201052e+00
-1.026342225629592875e-01 -2.113214339548474818e-01
1.361424655887905955e+00 3.583581618990474560e+00
2.511276996733939004e+00 2.121475790347449042e-02
3.833791397146288915e-01 1.277644770905483007e+00
1.650955658572030638e+00 -1.240511264503307842e-01
5.657813620428592927e+00 4.572996487761854745e+00
-6.495760474151146546e-01 3.861014010717012113e-01
2.350063128959047454e+00 3.191408145519112338e+00
5.303000484895150635e+00 7.566268447414744358e+00
7.531856941428123342e-01 6.277065034533455545e-01
1.514248410123390398e+00 1.813717326673926822e+00
-1.766414380139207818e+00 -1.427128272370955742e+00
-1.180231062579608636e+00 2.143110039988632920e+00
1.665422460199379451e-01 -1.104430834872700107e+00
-4.359912129919885082e-01 2.045034312355080264e+00
5.881581901882472430e+00 9.806868845421963243e-01
2.372429098551385174e+00 2.711769507920023692e+00
2.525272514813344138e+00 5.184302309890520544e-01
4.261810737633981994e-01 4.284259546419074027e+00
2.619005863896361141e+00 4.442379626540920334e+00
3.223561729606436721e+00 9.705713512252394093e-01
2.155675701687455259e+00 1.123728471555057062e+00
3.197664301169991674e+00 2.844376929630554773e+00
3.114266820718656348e-01 -2.387036306613907755e-01
4.994803176868307659e+00 1.652872909289987646e+00
4.948035761491212270e+00 9.079076722969992019e-02
3.041563705302411602e+00 5.401946482337994127e+00
-2.114746627840898618e+00 -3.186438811706606700e+00
3.497338288994752187e+00 5.923395866816386857e+00
1.977609978808769764e+00 4.712166787634529896e+00
7.112314201024608984e+00 2.941923851915217547e+00
1.512429656324324689e+00 1.174935069902128149e+00
-2.109782905854672208e+00 -9.093638323439852122e-01
4.385993590037950973e+00 1.054939481822558367e+00
-1.575544438097309374e-01 -8.416256130634729438e-01
-1.861617755941516794e+00 -1.375517239127383995e+00
6.967230579740883556e+00 5.279309861139919846e+00
6.907668125646515556e-01 1.169305856031474189e+00
3.088897034122886076e-01 -2.705490173426289502e+00
4.942075835322259358e+00 4.348822323463814143e+00
6.282209880049926198e+00 3.337932707223539630e+00
4.082815375359221122e+00 -6.890868631188102889e-01
1.894008581988427364e+00 2.300450748465126871e+00
4.584761702016793450e+00 3.906826192029461353e+00
3.546571525714663053e+00 7.505313402961837355e-01
1.597214761298057173e+00 3.539111811695484278e+00
2.513839413683014001e+00 4.136238101146290091e+00
4.800935237901623687e+00 4.989758542186413237e+00
3.854928170666098719e-01 -1.076988426990430625e-01
4.683702188605777472e+00 2.432760306937745476e+00
-5.584016456023110919e-02 -1.539703771247353359e+00
3.273530468322342735e+00 2.693073374169505207e+00
3.761384191768016638e+00 4.832467457312215942e+00
2.756090960455960470e+00 7.127379337099215562e-01
2.326706272335302028e+00 2.982166360744072264e+00
3.186536919831507664e+00 1.279481527837364352e+00
3.006170648911146159e+00 3.265197864265910077e+00
1.842277112238764003e+00 2.491531466925951399e-01
-8.921938505887316850e-02 -1.679346706958877000e+00
5.543769766187076620e+00 6.375914027858254229e+00
7.967857603767956043e-01 3.014464153633643839e+00
1.523358112290670974e+00 1.241394641564948387e+00
1.256363155167341539e+00 -1.438806988234889506e+00
1.983734629112790637e+00 2.780743078522023293e+00
2.600342705378502206e-01 1.380980289988725573e+00
-9.501782839795280822e-01 -2.240375618774471000e+00
4.195595443821886761e-01 -8.706996517462011198e-01
3.465716446024551090e+00 3.066349140620157065e+00
-2.349446622592150646e-01 7.273252871731772373e-02
3.298304650610645705e+00 5.208936260678706631e+00
4.053036232073676359e+00 5.580089086829078227e+00
1.589553859744085473e+00 3.054929143030011840e+00
4.289915925950190889e+00 1.839211156019315396e+00
-7.703250872471896216e-01 -2.568937544496377789e+00
-7.025167769820197528e-01 1.765296337794734605e+00
-1.099560496940293675e+00 -8.852624949011076438e-01
1.630736050760335232e+00 1.978682069953857647e+00
5.216940056939562975e-01 1.929961657231736849e+00
-1.506834477037744424e+00 9.687935203742359391e-01
4.516270029475282222e-01 1.194913910757831932e+00
2.802670913508368500e+00 5.804609255564926684e+00
3.142478944452800071e-01 -5.180154666124385798e-01
2.061039266466293540e-01 1.803320534470174596e+00
3.327412430557143530e+00 1.984162356356339973e+00
3.481415486762080125e+00 6.430468509638879837e+00
3.283252478198785962e+00 3.740229238030737591e+00
1.924085650030584738e+00 6.695536408624709335e-01
1.048288453304404344e+00 1.435408329990082166e-01
4.311539937437725456e+00 5.150512219288181370e+00
3.538024132457124882e-01 -1.316738055860259937e+00
-1.804373335773554743e-01 -1.515693168893513576e+00
1.446930637927686281e+00 3.860574595013124721e+00
2.647040679294657473e+00 1.744018433570829973e+00
1.147324426332950065e+00 3.239079509283775860e+00
3.035702704180931022e+00 2.791675368169798332e+00
3.403451405823838094e+00 4.265315009127942147e+00
1.981014911684257696e+00 3.972065216030880030e+00
5.188833079881725041e+00 8.380292594975383480e+00
2.718843450809011131e+00 8.641887705982493895e-01
5.123824947823641729e+00 3.862969071097037244e+00
1.180612433455707544e+00 4.848000386557172803e+00
-9.794706953691973972e-01 -1.719693291609363239e+00
1.035551107477458155e+00 -9.566471594353913588e-01
3.081033867051887309e+00 5.431517864086022662e+00
3.151698940300372342e+00 4.587629426380562592e+00
4.026783495212471919e+00 8.949488171524137670e+00
1.232585001961415738e+00 1.565903014598860610e+00
4.988001187085181698e+00 4.414987659344642879e+00
-6.361312828745964154e-01 -2.646554534319266239e+00
1.531640069162741424e+00 9.292838350030092620e-01
2.553973637449688638e+00 3.673438767684123363e+00
6.501427877269494449e-01 9.119017782424589935e-01
1.523764844202954549e+00 7.708015779270935841e-01
-4.778153560589721849e-01 6.640140913773517894e-01
2.933625718534894400e+00 -1.317325740769562881e+00
2.119531650141768253e+00 3.786819074345093572e+00
-1.002959611008848562e+00 -5.487133323497546122e-01
4.034489325761711598e+00 4.265057711718007738e+00
4.879448902388542564e+00 6.015774557270149536e+00
3.434532378190940261e+00 4.659011844301256033e+00
4.150894010189462691e+00 6.978831852979019423e+00
1.437676635435520822e-01 1.040574207362065184e+00
5.194612995049148196e+00 5.050389700614344335e+00
3.058040575786919568e+00 2.499758060349495548e+00
-6.920416552467147930e-01 2.106569561296127713e+00
2.371883586142236044e-01 1.300630792789380985e+00
5.981970515798531451e-01 7.379554522636968539e-01
1.331950765938638703e-01 1.289933270131078169e+00
-9.423508968479872294e-01 -2.244820176349199059e+00
-1.817044655284739019e+00 8.491297161303685836e-01
2.764905274629779530e+00 3.405050907825659223e+00
1.481476848614667219e+00 3.788659040691528812e-01
-2.409222863023895655e+00 -1.380984314649658984e+00
1.778285656064573006e+00 3.778802355662191026e+00
1.172103783945108724e-01 -1.849906115882361757e+00
1.302666215303413422e+00 -1.710154859472525324e+00
6.266086854855377197e-01 1.100535865733045515e+00
-1.018085110554958650e+00 -2.922752450508117938e+00
-2.645274962988997558e+00 8.421783483206257692e-01
1.263939486371879362e+00 2.439231205077985187e-02
7.453837194954409107e-01 -5.370386247834284532e-01
4.584096395940365554e+00 2.828559791674738921e+00
1.210354296243853600e+00 2.706839075806295902e+00
4.497893378744743487e+00 5.312655169082292517e+00
3.353909275683493174e-01 -1.248880877342134266e+00
5.859551044405410636e+00 2.185501574013153814e+00
-2.098686005052145198e+00 -2.864718727311317714e+00
5.615537754783161972e+00 7.153237509123188786e+00
2.329800929688259803e+00 -1.353783487785697570e+00
1.758738846180279314e+00 3.807943703444966133e+00
-1.271810967415153204e+00 -1.167137979217479860e+00
-1.762227203072665116e+00 5.684196568413946160e-01
-1.892252793548677037e+00 -6.869151978820342563e-02
4.210766640793574211e+00 4.106277207902368609e+00
4.211248188244819168e+00 6.860910591266177860e+00
4.073815645028812327e+00 3.642194794098465138e+00
-1.444480641467130955e+00 1.340637725014999226e-01
4.160293823866515694e+00 3.576593126540606793e+00
2.830448695958612593e+00 1.653429416632568261e+00
4.042059362139752920e+00 8.698018253345848549e+00
3.834103546690608155e-01 -3.087232856376761703e+00
3.443623861564926614e+00 5.505242302376521124e+00
4.050290609337444891e+00 2.670842477914828539e+00
4.797039195526191513e-01 2.053552519537534149e+00
1.707226210841207514e+00 1.414094877370613457e+00
2.492865909746467601e+00 2.916497510009596006e+00
3.309572604179043864e+00 7.972965242495593241e-01
-1.133350265494307951e+00 -1.098224320071523152e+00
5.607203141620776599e+00 4.730763720499717273e+00
2.270127141908842017e+00 2.527424798002172679e+00
4.464634970891310672e+00 3.847870341274661321e+00
-1.327815039030822764e+00 5.101611715567397898e-01
-7.529617396901651105e-01 -9.905319129781586796e-02
5.505633976327604984e+00 3.525188271214989122e+00
4.125437041276664552e+00 4.290686013945713029e+00
-8.238654842291177616e-01 1.915389991239495604e-01
3.064677867347612938e+00 3.270462069828870000e+00
-3.259784922502663385e+00 -2.239897067800763253e+00
1.524761030140285190e+00 6.913105435255739728e-01
6.196219957399515810e-01 1.238474659634036801e+00
3.911052861084741927e+00 -8.274713858466564709e-01
-9.179287597656067277e-01 3.247318739031920920e+00
-2.960949840175035597e-01 2.051690639254613480e+00
1.660509536924084539e+00 -1.616749673239566309e+00
4.897838675562737887e-01 -1.067748988659873000e+00
-1.246555743436745356e+00 -7.733010446573667096e-01
-1.306541095093507465e-01 2.074160922190040335e+00
-8.836016128144725812e-01 -8.728735034643100299e-01
4.151863600409984478e+00 3.263961526256853762e+00
2.297575177149064451e+00 3.939146459667333566e+00
1.164783200058238766e+00 1.657237737208969941e+00
6.555243076278145509e-01 -3.194597038108075715e+00
7.341539103522460863e+00 4.074110471419702506e+00
3.530136736911707818e+00 3.530619849762048013e+00
2.720050780583210592e+00 6.411397754234720026e-01
6.171539358864597702e+00 5.406304895785112308e+00
7.767641190499096737e+00 1.012601256993212040e+01
2.327281746086093950e+00 -9.088803646261256475e-02
2.786177680980533644e+00 3.950862391173442845e+00
-1.290326519793924653e+00 4.862575510695330561e-01
2.603672517061669911e+00 2.693556291865152552e+00
-2.841663489630672501e-01 2.726859152251555507e+00
4.740698804286248347e+00 9.076108530018753839e+00
2.148866080353278196e+00 6.628972669871875389e-01
5.855994174305212407e-01 -3.429590772090600481e-01
5.401073633876924962e-01 6.228651845586474778e-02
3.790792278972357376e+00 4.598586330499411901e+00
-1.051298834301549245e+00 -2.262574668503537723e+00
-2.194578943595475451e+00 -4.808274697176062595e+00
4.457914219213819251e+00 8.394929092846012963e-01
2.017003526751650178e+00 4.068141249142247950e+00
-3.391040839555903297e-01 2.552022945093854744e+00
5.908451059081493817e+00 4.081132697365014828e+00
8.224088829885058960e-01 -1.097200220311393970e+00
6.873610252158006695e-01 6.786250214002196302e-01
2.386191254422850960e+00 -4.473004080270817084e-01
1.544515082598954869e+00 -1.780364792253341655e+00
3.892776674453560126e+00 2.085000920784094269e+00
9.105038944357846109e-01 -1.781346401805351309e+00
1.808553266267927562e+00 -1.452250611629625876e+00
1.215205597150804451e+00 3.506386253409651932e+00
9.554848777860183162e-01 -7.533658062895298713e-03
-1.021873264221377031e+00 8.515736904956352493e-01
3.120247392787911522e+00 6.489428382350289404e+00
4.672135771829733386e+00 5.025167226842685686e+00
6.376808083423616935e+00 3.120950306508339711e+00
1.499796451482956039e+00 -2.420958550725047509e+00
-3.279397330398357013e-01 2.526902795223268772e+00
4.401214716040411368e+00 6.594926334354750175e+00
1.098665705759247935e+00 6.403218171391902303e-01
2.846745038732765742e+00 1.725693893900950959e+00
7.675201763980433967e+00 6.509453132623674421e+00
4.459545975909341209e+00 2.916761646345207293e+00
1.900400761275102823e+00 -5.065596348168592833e-01
2.602036809037919340e+00 -2.878564224817853123e+00
-9.296648534081506376e-01 1.002297834833844714e+00
1.116929001794448428e+00 1.699292459215178130e-01
1.197373426522666318e+00 3.016175437335193443e+00
8.140002973384810048e+00 2.880584235684324756e+00
1.162876670254298084e+01 -3.936546023477482947e-04
1.070382373513514551e+01 8.267659016582891152e-01
1.274587679645863858e+01 9.714837928289326019e-01
8.755036327213705505e+00 3.784142383111732233e+00
1.080054116975139777e+01 1.100470893441906961e+00
1.301257992518062956e+01 -2.811990742360523043e+00
1.284940126267250093e+01 1.028469811555396962e+00
8.074206423266538479e+00 3.796236647896671812e+00
7.733783266201365691e+00 -2.801651274324691521e+00
9.877822173085892388e+00 1.638714701466164270e+00
8.519749170069850663e+00 3.887313144337125159e+00
1.214946578873139416e+01 1.129435498792739079e-01
1.105671060541879136e+01 1.585536925497301963e+00
9.329963117862657640e+00 1.987025991412988413e+00
8.631850945652164597e+00 6.092410447074503743e+00
1.717910641548655093e+01 -3.364007315409550891e+00
7.278494570159734778e+00 6.727335882319548155e+00
6.444028711611345273e+00 3.414877524958854771e+00
1.005413623308816540e+01 -6.998922883812110918e-01
1.335369574618205490e+01 2.235202496852597420e-01
1.128325104972047122e+01 1.512987524437321429e+00
1.083998508413996475e+01 2.182176549023755463e+00
1.020934997864010541e+01 4.042838947598525579e+00
9.887520652627957318e+00 5.570953834226241241e+00
6.928646886446596653e+00 3.145484152068875439e+00
7.914313862688188372e+00 2.244543844658438925e+00
6.925719426214262064e+00 5.231402702591068987e+00
1.036286186327325076e+01 -2.654964716830310323e-01
9.160970368734462355e+00 4.986867609466518303e+00
6.249029560885777101e+00 3.475654464499853269e+00
1.243223546820891379e+01 1.087220696073759596e+00
1.189379282342785871e+01 1.444446921701941111e+00
1.017971788164997093e+01 1.953850556229318247e+00
9.222011252289332717e+00 3.151160036817542309e+00
1.468805144947220143e+01 -1.218074755630699002e+00
1.261112651879170521e+01 -3.230860865431582241e+00
8.763048414267059272e+00 -1.144461828804938630e+00
1.435791059072697529e+01 -6.278164679024214045e-01
1.187080693826933597e+01 1.502079150692154919e-01
8.574322693313000343e+00 4.244083138988580473e+00
1.084955091841759156e+01 3.845503942488414761e+00
1.236212422318352289e+01 -2.517066215264783580e+00
9.193429481019869343e+00 3.732342621705318386e+00
5.175802522115248827e+00 3.502795152163304504e+00
1.077338488092695457e+01 1.435333103765457974e+00
7.262913922982217940e+00 6.651670319805843334e+00
7.288066693086171277e+00 2.968337861959956747e+00
1.168243726181813713e+01 -3.078969236526349462e+00
1.066032935690506811e+01 -3.293878076103959884e+00
1.124308020584216550e+01 -2.776775509876054926e-01
1.088155695260753220e+01 5.014417490241964259e+00
1.152870779901820697e+01 -2.035202810222005887e+00
1.226206870987651776e+01 1.989818679692884729e+00
1.080443170181819745e+01 -1.115297020148558360e+00
1.123624116191080446e+01 2.227037532335041092e-01
1.155873186926692142e+01 1.511702204762326751e+00
1.130994738204662298e+01 3.650608366722119413e+00
7.182921250775383015e+00 4.885761462897596275e+00
1.107268992153592357e+01 3.506457491821175498e+00
1.131198471930474447e+01 8.994926557183682281e-01
1.327458135243070458e+01 -4.540318486337513448e-01
1.236189572580292406e+01 -2.728428351992229217e-01
1.011666336276342726e+01 -1.406442733009943158e+00
8.077890708631386474e+00 5.109013547205196737e+00
8.046825311256265323e+00 4.664247288788125445e+00
8.055313588676026981e+00 2.183066482890369198e+00
1.211115903686227213e+01 1.578331548536421991e+00
7.333203484613532552e+00 1.369840950603649077e+00
1.054464001107199600e+01 -5.295993744365499190e-01
9.831300136280793467e+00 5.343028981898460650e+00
1.053333397760625090e+01 2.700978612060725759e+00
8.186620850008891281e+00 6.500175389648379820e+00
1.241350832559328410e+01 -3.054309051861230806e+00
8.012053023086549430e+00 3.904996381676705042e+00
8.918636939513756801e+00 3.351782578071288210e+00
1.172931030281866605e+01 8.984248192088095664e-03
1.086208241980126488e+01 1.083392523420989573e-01
1.360164842291407439e+01 -3.112587730069025227e+00
1.238411834996252381e+01 8.329435224778680702e-01
1.204172096475588560e+01 1.588144367721979533e+00
9.152973360686136317e+00 2.916526734735207960e+00
9.451240521083517976e+00 3.174877859087962051e+00
7.782707022855888113e+00 4.872718750059155113e+00
1.059730120906213280e+01 3.031759615430214883e+00
1.016144081773520469e+01 2.055952478112382575e+00
4.972107360892432659e+00 8.913557057665141059e+00
1.497465432821235609e+01 -1.544928577579387952e+00
1.088823975026888391e+01 2.584661693445456265e+00
1.250646938037903766e+01 5.911840292691061816e-01
9.499848651810815170e+00 5.584256747730091064e+00
1.206590912557179784e+01 1.501572264936034351e+00
9.189162116781647072e+00 8.010298476969224257e-01
8.718630084000672298e+00 7.906027911827193666e-01
1.548275538242917904e+01 -4.690393049026021721e+00
8.027654838594587616e+00 3.883207803779324063e+00
8.103669578736214518e+00 4.732139167488639941e+00
1.216563137120233762e+01 1.406592208193242710e+00
7.252474528171248380e+00 4.479701512909727512e+00
1.253021436030063995e+01 8.257586379016454980e-01
8.604909025132368328e+00 1.084496810298074765e+00
1.066967941097687422e+01 2.239847185017221243e+00
8.964808747249747967e+00 1.596868230739237671e+00
8.109150011092836507e+00 6.100123956730241215e-01
8.653606777865476829e+00 2.861522373021121002e+00
7.668825795088944020e+00 -4.771592063100298375e-01
9.836948675417907850e+00 4.809199984729191968e+00
1.396326539873940575e+01 -5.163292505520313824e-01
1.010821549389695839e+01 2.341805885927384701e+00
5.312283167258459393e+00 5.665334886530649428e+00
1.416217628736268708e+01 -2.032229271445479490e+00
8.569403017726738625e+00 3.788173352058549437e+00
1.343925400974311835e+01 1.252520457713555579e+00
8.155273113502193638e+00 5.849487792066694780e+00
8.976609602327213722e+00 5.748562914176471139e+00
1.230058900906063712e+01 4.589242100515440459e-01
9.848005179057368608e+00 -3.205031502817794475e-01
1.231843917058927218e+01 -2.610195948527906040e+00
1.343649062294538687e+01 9.658177763891229173e-01
1.124773902089257405e+01 1.127442744958788712e+00
1.251413144492907747e+01 1.776848782169158092e-01
1.289581776819017733e+01 -1.330181200075720049e+00
8.322964913925082087e+00 -1.210517610983021353e+00
9.979705635593365542e+00 2.780130382017285573e+00
1.208598544616745052e+01 -1.171510717015519898e+00
1.134875492719881329e+01 5.569195218344278331e-01
1.347776960245211342e+01 -1.012456289543134158e+00
1.348480950765151221e+01 -2.307612983781304195e+00
1.051980435794201441e+01 2.713601384407775985e+00
1.092381531809608042e+01 6.931560209657223748e-01
1.035263017770113159e+01 1.129134663380869874e+00
6.686047272663456553e+00 4.203764461604503566e+00
7.713497660363113795e+00 3.424996031000645313e+00
8.045835531020914644e+00 -1.983805035414995643e+00
9.025442988764931229e+00 2.991448245028249797e+00
9.939159366404485496e+00 1.345658058488819142e+00
9.939112251685038757e+00 5.784649068991862819e+00
5.291272694521434339e+00 6.433607511472498430e+00
9.693846782380513005e+00 1.839128584674796452e+00
1.128849316662985913e+01 2.365142319176960939e+00
7.936096669734626019e+00 6.108645603042009320e+00
1.136261711915071793e+01 -1.312204827840933952e+00
8.962818440583887991e+00 4.322551577525615585e+00
1.142632117351098486e+01 -6.395563396494408082e-02
1.020412177190635639e+01 -1.857085093354005068e+00
1.040918507056601250e+01 -1.382204079176819089e+00
1.178448858765066554e+01 3.726652093048059555e-01
1.555694317893802747e+01 -2.252661008652320440e+00
1.310413918459679827e+01 -3.853637354342795973e-01
1.319586034184524692e+01 -7.511524328942189577e-01
1.388094168332887257e+01 -1.597295427135371426e+00
9.447882927239476203e+00 4.118661902566786992e-01
7.397449704203087784e+00 5.672159945803556980e+00
9.628667135661132193e+00 4.590439775511296894e-01
1.011171696847896229e+01 9.243095268691130517e-01
1.147377078609485679e+01 -8.716461208494932222e-01
8.860513019305425786e+00 2.158763465583332763e+00
9.535301449352399317e+00 3.510519043894414271e+00
7.642357215123507963e+00 3.999569077534048667e+00
8.477458607927859546e+00 2.640595033041740702e+00
6.963799292891709847e+00 6.917387406403134875e+00
5.112136344578707359e+00 5.627511527071165531e+00
9.943831862848917069e+00 4.649378340286051348e+00
1.526028480316401215e+01 -5.997085425682082693e-01
7.421210321471573224e+00 5.019102678024809805e+00
8.874497372607702772e+00 1.324359499747363778e+00
1.278501274538191090e+01 6.056781703527658323e-01
9.726457159691472398e+00 3.040815598251949581e+00
9.916372688698425364e+00 3.941024003925197583e-01
1.051701702220811363e+01 1.446135021689802791e+00
7.562922247757674299e+00 6.237989633322755800e+00
1.090696275669881210e+01 2.448128417604659379e+00
9.904639370745451643e+00 2.018548911434165483e+00
1.022478860620505436e+01 2.219672245324790794e+00
8.877703840040847894e+00 1.808980658402360886e+00
1.274773657192153387e+01 5.397298191250341493e-01
7.697116760392436419e+00 3.246964322259475288e+00
8.575267975097016659e+00 1.374371154633772463e+00
1.040641808724490502e+01 -2.141340688438133633e-01
5.538752643482850679e+00 5.932390553419644164e+00
1.322570284819227737e+01 -9.659260424704605441e-01
1.350019061804796650e+01 -3.402384317018520399e+00
1.276161859707168489e+01 1.942333271264859551e+00
1.351944031354727471e+01 9.754031067198336569e-01
1.281258077728754152e+01 -1.353332786659282583e-01
1.154657205388744323e+01 2.310060270111796932e+00
1.234082250682927828e+01 -1.077331397233439070e+00
6.948633150798467106e+00 3.603658836340378979e+00
1.047866582325400842e+01 1.666566157917312996e+00
8.121142600549966062e+00 3.948419260200650704e+00
8.412973569462581125e+00 9.887145644625392471e-01
1.290938424677553087e+01 1.657373913090105511e-01
1.320810787487515547e+01 -1.579331273425994553e+00
1.039229327706502026e+01 1.892981059052812887e+00
8.820222755347803201e+00 2.426650011780673299e+00
9.312336109598460254e+00 -1.274517960554975016e+00
7.252710431514000966e+00 4.939092804042373608e+00
7.750164314331637883e+00 6.280166047845023414e+00
1.304321703363376805e+01 -8.001603068018847686e-01
7.801358539872856213e+00 1.713168640607428017e+00
5.934266286755743636e+00 5.414031037733079366e+00
1.055951076630598529e+01 1.307995044689951314e+00
1.073778561812512500e+01 -9.461035740342786937e-01
7.762241202699435405e+00 4.600555034705651636e+00
7.004750048532546458e+00 7.421985735437169218e+00
1.146931686807288742e+01 2.619633056045400643e-01
9.501535162213633257e+00 1.023237679512069231e+00
8.271548130458009851e+00 4.015250434170692273e+00
1.027191574466754709e+01 2.461160744952595625e+00
9.829736908501176984e+00 4.571922385860798244e+00
1.102873908146821869e+01 4.352442574571341538e+00
5.930775877225669568e+00 4.132615465140260902e+00
1.083803315758562746e+01 3.629396371210725558e+00
1.013088294813425527e+01 4.375378245658414045e+00
1.070868610654922648e+01 1.447318091226904135e+00
9.342656226626097293e+00 3.526721283376025085e+00
1.013226267112189838e+01 2.272404135886930465e+00
7.749385129814903905e+00 2.949024926669396862e+00
1.091091368863181366e+01 1.299153630562088102e+00
8.071028057039304926e+00 3.372058558571795928e+00
1.222976241195563674e+01 3.202222409443420403e+00
1.274864651376013747e+01 -3.711289848636574185e-01
1.081594966986136441e+01 9.082366897804812211e-01
1.357362238524974174e+01 -1.212104503631019181e+00
9.406479429275282911e+00 7.116517067855310241e-01
1.272334788202473455e+01 2.554828803929722447e+00
1.673097174856522784e+01 -9.364518969548196736e-01
8.465837478909554292e+00 3.696108448559728643e+00
1.064144862306195627e+01 -1.022276197168464851e+00
6.829948527362319055e+00 5.506715529751052607e+00
8.704709773324511346e+00 4.241949571897568383e+00
1.055919987569285645e+01 1.208503165002587920e+00
5.180804052793599901e+00 6.343718680699629076e+00
7.805254449457557975e+00 7.952837819483765003e+00
1.237666498332153253e+01 8.946560738515290101e-01
1.021265646056957621e+01 2.297214660132931296e+00
7.767043376172530600e+00 5.265818690326786289e+00
1.571169207491313813e+01 -5.291669287097882091e+00
1.012533910825318095e+01 2.507163362451714228e+00
9.169521760030981739e+00 4.473158799991734824e+00
1.274933596244440359e+01 1.001283992340821660e+00
7.266873525199457617e+00 3.558005652837857191e+00
9.078003627232250849e+00 1.998569525265971203e+00
9.758469642923696341e+00 5.310863850096042782e+00
5.374227261762806407e+00 7.715376110027458267e+00
8.130946918044688942e+00 5.034707269334464996e+00
7.958180806889370018e+00 6.045742930379915059e+00
1.231063088030052377e+01 -1.433838408653955732e-01
3.470540573983877941e+00 7.595534765325669291e+00
8.859453745106842248e+00 2.216739058550260211e+00
1.135435035001466808e+01 -7.375341688083869585e-02
8.790907853396726424e+00 2.768181434002145558e+00
9.161571005123359868e+00 -3.324492687187716733e-01
7.993565669696805820e+00 4.311342309483631396e+00
1.042704302292754548e+01 -1.868409983709971023e+00
1.270724469940897450e+01 1.220149570639861958e+00
6.217182156118110647e+00 5.740906045333361796e+00
1.212977358466708289e+01 2.205256832041028403e+00
9.169640742811239420e+00 5.728663482575681698e+00
1.074011969482621964e+01 4.045566213834918656e+00
1.411290173799443082e+01 1.137648912362543285e+00
1.112629759064570933e+01 1.746381235836163004e-01
1.170320235458368785e+01 9.438219236072866725e-01
9.010748336513062284e+00 3.238839051106598976e+00
7.163824536688250255e+00 9.222041455882779459e+00
3.715789762875050251e+00 7.888534953611057610e+00
9.651253559694300321e+00 4.179208272453831086e+00
6.649882478301339717e+00 6.242230240151993570e+00
9.770744702986004171e+00 -9.258756692905047991e-01
7.689319253924784547e+00 6.766113645787863007e+00
1.041688736671460980e+01 7.328565535720636959e-01
9.682229592832452880e+00 5.383677465493006409e+00
8.867477851476600392e+00 1.315927058857961907e+00
1.215074536422419627e+01 1.551044754089265787e-01
7.771195983733884205e+00 4.263807107041845512e+00
1.214146533241536829e+01 2.002490675084507732e+00
1.512318749878764734e+01 -1.031047922351580048e+00
7.359945438977494092e+00 7.678130957242215615e+00
9.044407233911208266e+00 4.484643311372607855e+00
8.071223951907057881e+00 2.032254480752825110e+00
8.872309533833025341e+00 6.874238204792764151e-01
1.377418893884902928e+01 4.323023779131736077e-01
1.254415631688900135e+01 -1.504967709453246094e+00
7.551241717125005692e+00 1.853868079277995795e+00
8.910418192352441480e+00 3.277746102572532294e+00
1.010745582270816456e+01 2.876687898889453532e+00
1.383286799513149212e+01 -3.956169146281558469e-01
1.359401417436629345e+01 -2.319557807554701867e+00
7.649988402622606820e+00 2.960919985933384790e+00
1.421169412457967951e+01 -3.611089867758711769e+00
9.648116663722465347e+00 5.891472254063955916e+00
9.709648432500376458e+00 2.618484853984299754e+00
1.179884072222536417e+01 -5.922564124952676146e-01
1.063405529795782556e+01 3.384131084721812677e+00
1.047119743767338029e+01 5.420898003135321552e-02
9.486669842199779268e+00 2.653252260311100841e+00
9.178150863690319738e+00 2.737817324339003378e+00
9.598884128292876738e+00 2.397395910338533831e+00
8.964558479589900486e+00 7.059743787622480227e+00
1.021324446352380733e+01 -2.477431914996501838e+00
6.886095170221814499e+00 3.074203093895154559e+00
9.885345398671020689e+00 3.665873280402425660e+00
8.820480938268627114e+00 6.624995725289659632e+00
1.016828402567976575e+01 -3.397096292333885437e-01
8.783607931606159269e+00 1.717303775336586291e+00
8.131916710885080946e+00 4.043715743198297297e+00
1.377300328831176479e+01 -1.077167597438974056e+00
8.075809885433727686e+00 4.243840250807753733e+00
1.092354065410579089e+01 7.696824831028159508e-02
1.063979296508916228e+01 2.748329007489219933e+00
1.098238549722914215e+01 1.594489712299705042e+00
9.445937690623464889e+00 1.250335231530595337e+00
1.376685861237427311e+01 1.247446319683910954e+00
3.186251020484092145e+00 1.061037957061398274e+01
1.018693707896585465e+01 3.735117446447825618e+00
9.156921391889010664e+00 4.582419703325658844e+00
9.360467246611955616e+00 -9.723709589157092381e-02
1.081610193505092177e+01 1.676436073921268921e+00
1.438098229401211015e+01 -3.755533696894715945e+00
7.250202331868254468e+00 3.950712503429594680e+00
1.289466060529835723e+01 7.710875280810061128e-01
6.895458311528814832e+00 5.004913703210054798e+00
1.258806210550982385e+01 -8.136649774891733244e-01
1.119232571029868417e+01 3.136338834043905344e+00
1.048002835025060797e+01 1.748680907449810196e+00
7.586506722548758574e+00 3.418329700373107016e+00
9.210826890112478793e+00 3.484529876711782492e+00
1.056126024942831521e+01 1.098924013268915978e-01
8.956291885064512570e+00 3.034317772622838305e+00
9.140286279874619169e+00 2.291218586181456462e+00
1.330941075203455881e+01 9.455984621166961812e-01
1.196951451162055058e+01 3.338049958382657945e+00
7.121607987938928019e+00 4.398336871959165784e+00
9.720068464843622635e+00 2.596948069476589183e+00
7.796908698402176263e+00 5.563054261614195362e-01
7.851881878619380473e+00 1.764096800453090808e+00
7.602353576509955246e+00 3.960954649488712676e+00
1.070412085080171138e+01 1.510287155065851206e+00
9.832575813632294270e+00 2.429329071108039972e+00
1.043738956986814870e+01 2.503377193137185763e+00
1.101991822522255582e+01 -5.109227579686446141e+00
1.092761001469967219e+01 -3.804050665634508555e-01
1.064995810665721088e+01 2.403929165681080615e+00
1.265918991677347094e+01 -3.490296398910892606e-01
1.217873961195580534e+01 2.508682112171593648e+00
1.012469898820612002e+01 1.692820969050401914e+00
3.745671368927181000e+00 6.103918157681812673e+00
1.199519583993847505e+01 -1.351680532749770514e-01
8.153158160649075725e+00 4.425278351908243479e+00
7.983289083151282384e+00 5.898519488422637735e-02
9.818293494269735078e+00 1.825474049906745000e+00
7.943778228199876779e+00 6.252866739360385395e+00
8.504567263766496410e+00 2.475502322131725830e+00
9.352881689174466828e+00 9.432268588676973042e-01
1.132876366621924902e+01 7.059669064577509534e-01
1.206449149310817504e+01 1.930719123729982556e-01
8.359135821970479441e+00 2.854494522828229464e+00
6.319306771066242945e+00 6.193737431858066245e+00
7.132090741501142084e+00 2.854737782922227129e+00
7.683809063664424954e+00 6.676594760218983460e-01
6.981711750227016289e+00 4.363044723555534077e+00
1.368397163303049879e+01 -1.398248535742425691e+00
1.354629822605534173e+01 4.669882357998096367e+00
5.978027509541641749e+00 4.737621327784322212e+00
8.696779085105053042e+00 2.725992962904808081e+00
7.724984208946937159e+00 7.996068705708567759e-01
7.038645880155886658e+00 4.556365277140130843e+00
8.465722500483554569e+00 2.914083682577330858e+00
8.384821812398232765e+00 7.246352547352108431e-01
7.294186590706411621e+00 5.654038636428477815e+00
6.952971308884812629e+00 7.930138110051596634e+00
6.651251841248726038e+00 7.460256678564629595e+00
1.208171658458792841e+01 6.394928677562272679e-01
1.199543148016712379e+01 -8.650105772692242567e-01
9.752643152437478591e+00 2.233615774986075664e+00
1.039956333800332899e+01 -1.540995049531718397e+00
1.094134506193322665e+01 -7.673097752879010081e-01
7.760364360640396697e+00 3.083758884072577811e+00
1.027743488566294339e+01 -6.180677515187640303e-01
8.166165814058901518e+00 -6.795510185349300514e-01
5.669485806237256398e+00 6.518085924155199606e+00
1.463607775719838955e+01 -3.028682308473698903e+00
1.572581124196814883e+01 -1.552339112185483483e+00
7.994364411165902240e+00 3.882594258939794596e+00
6.949309577470058841e+00 6.393419593455747396e+00
1.362566088743424864e+01 3.972733950895608324e-01
7.063146318527550704e+00 3.568042315177878621e+00
9.149658080023739259e+00 2.546381331650951374e+00
4.082824130736091739e+00 5.174951993692011420e+00
6.352711697448754080e+00 7.196388922083550632e+00
7.560520515049288903e+00 4.130523410493255554e+00
6.417302689952178341e+00 3.842836175732687654e+00
1.330986954957510093e+01 1.865526209237390098e+00
9.613299317957750389e+00 -1.616282713397211968e+00
8.535369235230287899e+00 -7.422569221208341617e-02
1.061498163378104920e+01 4.199089854099682384e+00
1.126566112204734971e+01 1.149792820136116944e+00
1.032243650472829621e+01 2.882126122868935436e-01
1.032757139811821290e+01 4.502092350105012741e+00
1.106792936146331385e+01 1.150404546301057485e+00
8.644242383114082884e+00 4.556143752597222374e+00
1.029352951314444731e+01 2.291663644587494275e+00
8.583961565657284964e+00 1.388830653729282716e-01
9.056564876268792474e+00 2.478297665308725417e+00
1.063008610876683946e+01 1.644925962599256941e+00
9.744078826867495380e+00 4.367904505847354457e+00
8.365422435753789188e+00 1.748009862540593762e+00
9.938446940557751574e+00 9.207679788891587336e-03
1.205582257240594934e+01 1.536503201813778974e+00
6.544473814121513300e+00 9.483381929900180918e-01
6.720316083814511288e+00 2.104699051266614607e+00
8.361601003674884680e+00 9.136660542320058642e-01
1.177833178823003912e+01 3.109387812496855474e+00
9.919614689422370901e+00 5.172945869205218372e+00
1.078479328213351707e+01 1.437218220556347958e+00
8.453391240851061639e+00 2.770413685593013930e-01
1.054666728791682040e+01 1.382545545368061291e-01
9.426707343291212737e+00 2.312211605316873086e+00
1.279210395696043712e+01 3.775612684227134253e+00
9.058689377902261697e+00 1.169241811690186594e+00
4.752845136061631059e+00 6.365987304581389061e+00
6.947574341505319495e+00 8.439248813273501071e+00
1.399974338176639144e+01 -3.718388658817737280e+00
1.372915986701225677e+01 1.865385616243035116e+00
9.003678699985000478e+00 4.525938678454972219e+00
1.241126202641780196e+01 -4.879974778694613491e-01
1.030221363849159744e+01 2.436038284828820011e+00
9.596371809139624176e+00 4.312588799155729902e+00
1.280836489998176830e+01 4.213239446758489937e-01
1.040943352000995148e+01 2.948275016299548135e+00
9.877209929070776440e+00 3.377310743935919124e+00
8.037009759492637073e+00 1.838894652223318715e+00
1.410129603226054584e+01 -2.737289537823587970e+00
6.700530586497324137e+00 3.325761410155230635e+00
7.948040315857600291e+00 1.036400242626887902e+00
1.007933088422524470e+01 1.392886162673127926e+00
7.780838170739142079e+00 1.399065811140185023e+00
1.114822124270981440e+01 3.381551366133398684e+00
1.216093496964389153e+01 1.187826096716792179e+00
1.112833762015259964e+01 1.313448868258126456e+00
9.253210062586894935e+00 1.190322169919194373e+00
1.086147911400102828e+01 2.501528881201122712e-01
1.216982464367772288e+01 -1.083397183736378278e+00
9.022602109460290620e+00 3.473105433821282784e+00
9.156975788787717008e+00 3.874785493209953913e+00
1.071101029755257983e+01 4.406486716535924941e+00
6.054932915699818174e+00 1.880213254627058017e+00
7.424190941729182924e+00 3.076029116629841020e+00
7.041901398527219413e+00 4.576972529357270503e+00
9.203071691900039042e+00 2.312779349706070686e+00
7.161973025136742166e+00 2.592875780454020340e+00
1.536678252426137092e+01 -5.624361941074940141e+00
1.189082099856559083e+01 -1.263363769759693334e-01
1.001202900457134604e+01 3.475498305357886508e+00
1.473704972859669837e+01 -2.874731595508953852e+00
1.163037891988574302e+01 5.774334699175871499e-01
8.973431817346410710e+00 2.364526632260840699e+00
1.237040444761654179e+01 4.320284509613778745e-01
6.550408402367198235e+00 2.175882782635178536e+00
1.112514874580273272e+01 1.482065359364956869e+00
5.743554165212391815e+00 3.300051508812609669e+00
1.150164740721804080e+01 2.895769724570514292e+00
9.013375891416773200e+00 3.157794539194893169e+00
1.242314694845706846e+01 -3.511579272896347526e+00
1.395141341818587577e+01 -2.446640795073961705e+00
8.812956364865936365e+00 5.476224208175290542e+00
7.028640176569640019e+00 2.377030496133511139e+00
9.058793079982326191e+00 1.597544143955857532e+00
1.027084910576517451e+01 2.375617504416514425e+00
1.180759748261741393e+01 2.073627901162857778e+00
9.745468145970640705e+00 7.235851770558854312e-03
1.295100989874273978e+01 1.620603320027040217e+00
1.104962322097055605e+01 3.010128621212364131e+00
5.745977004469204452e+00 3.950886397804075578e+00
1.047559304220959397e+01 3.072495141983375699e+00
9.313438984191806824e+00 2.494608526390128311e+00
1.264692433496615287e+01 -4.376062621882415016e-01
1.145885437972352605e+01 4.309851772005069748e+00
9.471622478434461812e+00 4.981435097121199362e+00
5.381808378352156197e+00 5.174714395147707258e+00
8.552846669784536004e+00 5.392328402536197274e+00
8.812799785300327926e+00 3.805539789926377203e+00
8.421393744536246118e+00 3.103824561311852026e+00
1.500868905853430135e+01 -2.146230954920874900e+00
8.072485164234462829e+00 2.013236173279695951e+00
7.905720275469040104e+00 2.402624879412589287e+00
7.420095715213574472e+00 6.406585159422065523e+00
1.239149441812831753e+01 1.024713509336873329e+00
1.152291422757993011e+01 6.268605240228852793e-01
1.370390176566804641e+01 2.317052928806753176e+00
1.062528074265883760e+01 1.096993262252422330e+00
1.074470833700551076e+01 1.808639343323606763e+00
8.858201756621653544e+00 1.701751716508845158e+00
1.067260393531084084e+01 3.524555995324572422e+00
3.762470428360455976e+00 7.239586263289963242e+00
8.361567482473327928e+00 1.745531667119143204e+00
1.166319554216765653e+01 9.120611610296045502e-01
1.310707947448599064e+01 -1.265509401714735027e+00
1.286492355704726975e+01 -5.238731896021704415e+00
1.322710845906794930e+01 -1.159665319531713479e+00
1.087397851464860121e+00 -2.592076774891107327e+00
4.115985339970677614e+00 -3.098062856619648198e+00
7.303711878081207587e+00 -3.070913606260914808e+00
5.180174478303630536e+00 -2.274115053424667465e+00
5.798681556452088159e+00 -3.781528033854924864e+00
8.341128994212049008e+00 -2.195388687376269576e+00
6.643274375900231732e+00 -2.939294383023095314e+00
5.988736010702244705e+00 -2.855236851667791509e+00
1.470025966211315094e+00 -3.805199589729439502e+00
8.598756135647310117e+00 -2.605318461131150620e+00
7.657175594909915617e+00 -2.766142948255390088e+00
4.848716994361646826e+00 -3.402240770652515067e+00
9.402616845548390501e-01 -6.621901532608628571e+00
1.642234781986764425e+00 -3.629588908181862195e+00
6.246131834976123898e+00 -2.016790888825681360e+00
8.496249038056634006e+00 -2.165960680339435562e+00
1.159514646007902705e+01 -1.483504785137040205e+00
9.538742954123701878e+00 -1.150804957476117885e+00
6.245169717742006021e+00 -3.459103573543664822e+00
8.408656974491496072e+00 -1.433524649959316832e+00
5.975292144914441828e+00 -2.823461227754678671e+00
2.871771607296181195e+00 -3.048942536300921713e+00
3.554864355770880113e+00 -4.400945554295805806e+00
6.021322671420637818e+00 -3.046556965483654178e+00
7.817120132947506406e+00 -2.529943613953229864e+00
6.162342867633604726e+00 -2.101034939526710943e+00
5.892674358823353664e+00 -1.950224231314035439e+00
5.456772712022098126e+00 -2.280868135010519548e+00
5.731372373641097084e-02 -2.903594014722847838e+00
3.543207152886030720e+00 -2.970885487365326316e+00
7.023712531411392845e+00 -3.268731792893267318e+00
9.690869731185944858e-01 -4.094602261567297674e+00
6.295372902916019697e+00 -1.573016899511153310e+00
5.723696811794031447e+00 -2.595743715967765652e+00
4.437116676613863220e+00 -3.845547002392702751e+00
1.516007576064144047e+00 -4.185683750087806132e+00
4.477040993764327403e+00 -3.797976772256816069e+00
2.183269057790415246e+00 -3.397488092882254840e+00
4.997432683762142780e+00 -2.648139839113932581e+00
-4.305976777608400141e-01 -4.413378552691041179e+00
6.216059130587545667e+00 -3.336261295738106814e+00
5.509390407816321833e+00 -1.753093794915481451e+00
4.586913536030028382e+00 -3.342144291522449961e+00
-4.293901768781097417e+00 -4.081844258479261356e+00
-6.958231669499621574e-01 -3.583355682848576862e+00
8.368757980690524789e+00 -3.494335402000117163e+00
5.085083867286758874e+00 -1.959396207296620007e+00
8.251072431243787975e+00 -8.247124962445289142e-01
3.532254680913903044e+00 -2.869063297297389958e+00
2.514818950057394087e+00 -3.913117062202348784e+00
1.138110517340321870e+00 -3.108480703943782508e+00
9.176341815592643059e+00 -1.764024781808144926e+00
4.706089804650189556e+00 -2.229330021194087408e+00
7.978533387621389750e+00 -2.539222444083808927e+00
2.733234052847101303e+00 -4.062199177613714518e+00
6.381422277170866408e+00 -3.654707108706393814e+00
7.233980995171723549e+00 -1.568694040786952737e+00
5.164081436628284116e+00 -2.792897970791843765e+00
2.780158465169743742e+00 -3.922726547263281738e+00
4.691505136681242583e+00 -2.701434948638947287e+00
8.306640044914267662e+00 -2.407856743056189242e+00
1.755959910116522860e+00 -3.425979607118419423e+00
-1.649315363612312346e+00 -4.866800685628505541e+00
2.589188879867766691e+00 -4.402203956787156258e+00
5.998842901576189490e+00 -3.252578064735264007e+00
4.920379501113377074e+00 -3.403527356101297752e+00
9.750110665809867072e+00 -1.868495056673556753e+00
8.040595343513677662e+00 -3.156988287203254195e+00
5.471221443218340141e+00 -3.010789200358236162e+00
5.720829418309038239e+00 -4.692042296256641265e+00
6.092630685090197673e+00 -2.333780433223552109e+00
7.810612173084228615e+00 -1.294162700616767525e+00
8.785221341405318185e-01 -4.812070153633470682e+00
6.956992305026515666e+00 -3.100506116193966655e+00
6.676474752575913385e+00 -3.114169471254430110e+00
4.714673863082689209e+00 -2.967002094548895741e+00
3.119262130398141153e+00 -3.272923124105159065e+00
4.370679231494863259e+00 -4.143623929033377173e+00
1.260236298866227678e+00 -4.819821634216022943e+00
5.442166736683316408e+00 -1.893363809534266418e+00
6.513103325278921218e+00 -1.145783492399498948e+00
6.939321270587480051e+00 -1.426462638907909142e+00
1.308097483954852791e+01 -7.573507518856414933e-01
4.798530434087075136e+00 -2.436476557353033812e+00
5.694751742878894518e+00 -4.330113018029225103e+00
6.240530048165230603e+00 -2.634226455110574516e+00
4.237943784104026612e+00 -4.718470803011827641e+00
3.151232069542951209e+00 -3.153167784091121195e+00
5.393850889968049067e+00 -2.443835093729986863e+00
6.314586451889612206e+00 -2.199623844165808251e+00
3.542003362086238560e+00 -3.385617846013178944e+00
4.649783395145298925e+00 -2.392161890890744935e+00
6.122252980906739417e+00 -2.694430544658906079e+00
7.419734790509115996e-01 -3.836021482793844584e+00
5.037798313234866043e+00 -3.672958139100692243e+00
4.901257167322330410e+00 -3.271562487713829182e+00
9.526645462814901322e+00 -1.866783799991969417e+00
4.014662505089162003e+00 -3.210422769480929972e+00
1.180161274177947561e+01 -9.360975388679828590e-01
9.451174709581124489e+00 -2.668187348781651647e+00
9.426953382440750318e+00 -7.365714108843475216e-01
2.005758469555715795e+00 -3.183661542068211947e+00
5.479274581236981412e+00 -3.872668493020134495e+00
-2.486762266006696365e+00 -5.436229587090322113e+00
4.914691871572855142e+00 -2.111808694130629771e+00
9.108012707954326714e+00 -1.096875651909868354e+00
4.791417203814232195e+00 -3.769472609938632868e+00
3.203077957173033674e+00 -2.627780195180291933e+00
1.014813065890371391e+01 -2.120753874953713147e+00
4.808813402391585612e+00 -4.125196474486372722e+00
4.706295483392403334e+00 -1.776064637892009523e+00
4.797946095033390534e+00 -4.210742348275329228e+00
2.681054651265820876e+00 -2.809212941691471954e+00
5.923154427328034544e+00 -2.425279256158545671e+00
5.528694206257170229e+00 -3.978930768764887382e+00
8.826142533957330727e+00 -1.792655125003198568e+00
2.591551918164260560e+00 -3.264798903119510154e+00
3.113029371335121809e+00 -3.185180994838976876e+00
9.118643227086035807e+00 -3.167726336977103152e+00
5.883926196482632598e+00 -2.263235418625903161e+00
1.279349822674607839e+00 -3.547025863740649321e+00
7.240004991903381537e+00 -3.543631139210829506e+00
5.814152065930005442e+00 -1.931429861970568540e+00
4.175463295486287585e+00 -4.049700161733450265e+00
6.964806187937759852e+00 -2.390697409139753038e+00
5.580977882783013655e+00 -3.377959290394744851e+00
9.013537791019954781e+00 -1.988073422485261643e+00
3.758885427104842858e+00 -4.468754008071273987e+00
6.147206749109589197e+00 -2.595160179993895255e+00
7.744726180310580688e+00 -2.983665421644138505e+00
3.994506217393626546e+00 -4.240974772031453455e+00
7.341785120105765117e+00 -1.390973239529604610e+00
4.608624883133602523e+00 -3.128602941393416437e+00
2.964134008091483974e+00 -3.278288640747594407e+00
4.049680425528681127e+00 -2.873597868323961357e+00
3.212908426713600996e+00 -3.730807550622574187e+00
8.573093294040255330e+00 -2.941819857163478602e+00
1.201766781868940015e+01 -1.237647135727366621e+00
6.539405101442556933e+00 -1.618486495961027227e+00
4.121096055027860139e+00 -3.850106603170919684e+00
4.989249747304628890e+00 -3.456657039729993386e+00
9.089475810563881097e+00 -2.652225031846365599e+00
-2.116771077075441099e-02 -4.631031140943195012e+00
6.111151368406954276e+00 -2.420751180151215376e+00
5.333895916260479986e+00 -2.969609376818725277e+00
9.462156420474777008e+00 -1.721425252923893368e+00
-1.056811952291984547e+00 -5.247421174610835237e+00
5.541845178470461875e+00 -4.056368663646614081e+00
5.293018344206254611e+00 -3.203791044980933922e+00
5.711014285103723331e+00 -3.133206132900378638e+00
9.685806080201359691e+00 -1.516244724658474485e+00
2.348559147545870029e+00 -4.045806369636613553e+00
9.899187665758386601e+00 -1.765471172057901494e+00
6.224588033123412245e+00 -4.553278503584075487e+00
8.609220088768392287e+00 -2.430920087682934216e+00
4.302501911972277604e+00 -3.369731508648217133e+00
7.142707528863224908e+00 -2.464874251902492208e+00
8.708759639600538449e+00 -2.099664093554240996e+00
2.513721730252957531e+00 -4.118203496356137805e+00
2.041123213430712457e+00 -4.060203840271274345e+00
2.106988020776845438e+00 -4.671357574054908923e+00
2.899117102585329953e+00 -3.794226948952684531e+00
9.137730066856622813e+00 -3.462005356491784092e+00
2.933257902896818869e+00 -3.299239056333876263e+00
1.141408299343476429e+00 -3.812196072617159981e+00
3.876512717383276296e+00 -4.059115723538139875e+00
3.114710516956353814e-01 -4.792174418050528573e+00
6.616714198564372040e+00 -2.629834543140590064e+00
6.396574795406231750e+00 -1.813824210904440903e+00
5.003020476260509497e+00 -3.252499430457177709e+00
4.427061988468636855e+00 -4.505807497438704345e+00
4.440232709137087674e+00 -3.602832712351469180e+00
1.131983769937811246e+01 -1.976586078851919615e+00
3.127126031239230830e+00 -3.673514891619125144e+00
2.697032615909231712e+00 -2.736604082992990072e+00
1.050805683933663914e+00 -4.801704496188110127e+00
2.396208283974367692e+00 -2.037252151857082527e+00
3.760155021592845870e+00 -3.890754113118259028e+00
1.038582371761451029e+01 -2.652388025423655371e-01
2.767798993277241326e+00 -3.446654735830335881e+00
2.006935498626223779e+00 -4.351571014693282891e+00
3.759073546696606094e+00 -2.860733066379324452e+00
6.002323193405940671e+00 -2.794003729079910237e+00
2.572123209053335469e+00 -2.958064645198102305e+00
-2.733184465404240093e+00 -4.716598470819315381e+00
1.673202934569506972e+00 -4.167941830615925269e+00
3.636466908462150371e-01 -3.328280845320418901e+00
1.790148112103445932e+00 -3.719535854107072215e+00
4.739337277135069471e-01 -3.864307336560007133e+00
4.820477099749977512e+00 -4.217376107305509159e+00
2.021770490747830884e+00 -4.267008094358256898e+00
6.680999200142021976e+00 -2.452605251661453600e+00
6.059540416247041428e+00 -2.570414523985849797e+00
4.610368549981123998e+00 -2.805406702038446554e+00
1.678488478024319885e+00 -3.673589697795970110e+00
1.131471172974871564e+01 -1.052094535535611275e+00
4.587534729861441285e+00 -3.480513441334798674e+00
6.725115070037738008e+00 -2.068937327909937451e+00
6.833611843050553247e+00 -1.206614506839989387e+00
5.728821498601718076e+00 -1.349473013097778562e+00
4.431395060856401003e+00 -1.972744400286388533e+00
6.098078234320046143e+00 -3.910278554222128555e+00
5.674544880534044822e+00 -3.355550157122764610e+00
6.983991708109536845e+00 -3.425109008484516160e+00
3.114325699523207369e+00 -3.212952530300819287e+00
9.220433824892902308e+00 -1.208423632538400350e+00
4.812388521619916482e+00 -3.802509488669852722e+00
4.466584699229834143e-01 -5.216216133655402487e+00
5.009089730877258617e+00 -2.644936935848353876e+00
9.808508567001707590e+00 -2.225725962644989231e+00
4.512494741285329347e+00 -2.335220606989181658e+00
2.703054792616405688e+00 -2.944634216032147034e+00
4.337479095880716784e+00 -1.805261164169939647e+00
3.122445727274610228e+00 -2.919449329995118081e+00
5.617796811715602523e+00 -3.112555904110357208e+00
1.212159634277869458e+01 -1.491087952534589256e+00
4.073715568503404327e+00 -1.931060439513928584e+00
1.586811535389900829e+00 -3.455959959673563731e+00
5.747510713892194367e+00 -3.683886144403458296e+00
-1.116886050040815981e+00 -3.470689429634048473e+00
4.333429847050579653e+00 -1.759171318200873912e+00
2.768260504449937542e+00 -3.320959140208288307e+00
6.032372478548708727e+00 -3.455267766779210437e+00
5.103327216460417759e+00 -4.015066596145627997e+00
6.412744580235333558e+00 -7.200691622090364952e-01
6.863725442801650090e+00 -3.058678495879606274e+00
5.117686736912967937e+00 -2.311819652041009032e+00
6.191308565282399812e+00 -2.380855459863726153e+00
5.809939376670045341e+00 -2.613586119280098430e+00
6.715364183602506643e+00 -3.841883911403808138e+00
8.765899229790861114e+00 -2.031874650610387079e+00
4.968699288711434292e+00 -3.287098372136892266e+00
5.149433846178397722e+00 -2.622508275901031638e+00
6.574278471297023252e+00 -1.381087895918950759e+00
3.751984096003263769e+00 -3.938748035956357363e+00
3.557738870357385785e+00 -3.689764177076421348e+00
-1.593128064000623567e+00 -5.566007753956943915e+00
5.413462388502555456e+00 -3.234475096549803030e+00
6.901594817062809639e+00 -2.514029922992032429e+00
6.661954592520149987e+00 -2.568935711540170974e+00
4.023277656606822461e+00 -3.465311300299790176e+00
3.498847348325520468e+00 -4.092058340378994963e+00
2.908928465354498005e+00 -3.224590868206397065e+00
1.137852048739865651e+01 -3.637634571481118684e-02
3.559481237479833471e+00 -3.444562861683631017e+00
4.775760274623146451e+00 -2.603458818739810443e+00
1.067292838816720213e+00 -3.307290008036548823e+00
7.149337383866994244e+00 -2.903200585285103941e+00
4.363529898247440642e+00 -2.462263083951141240e+00
6.703892535749153225e+00 -4.665970774351507089e+00
1.104069055786216680e+01 -5.889948126559740871e-03
5.755298040837626417e+00 -2.911720691146131745e+00
5.479673318629258993e+00 -2.329839902167526233e+00
7.611566193038497019e+00 -1.918205444231490198e+00
-5.224785351026763891e-01 -3.967033187746576761e+00
4.354420084895173737e+00 -4.180515918440972811e+00
9.738552579454671232e-01 -4.432083488309612740e+00
8.988523056874459627e+00 -1.772774261473448965e+00
7.761642432644530132e+00 -2.105125111153600237e+00
5.006846205330541366e+00 -3.020306822188320250e+00
1.714408167553119977e+00 -3.520656580467392160e+00
5.161383962181252727e+00 -2.289359669718442625e+00
2.133072631806793851e+00 -3.391840678228629002e+00
-1.079115498123917050e+00 -3.642937913641481451e+00
9.128812768022923407e+00 -9.800909717319434833e-01
1.639242128653315866e+00 -4.004465103919257807e+00
4.771532189887247810e+00 -3.195920616565767869e+00
4.776194596122662617e+00 -2.085142245144374407e+00
4.662007651213783355e+00 -4.203222342274907319e+00
3.629605710446162092e-01 -4.637704456445053580e+00
-1.370672579370641131e+00 -3.275871279910151923e+00
9.657154203331781872e+00 -2.421949153309114866e+00
4.972701620600592953e+00 -2.389090573204183610e+00
9.759836320566998680e+00 -1.938293627813928666e+00
6.256105009593970756e+00 -2.499029297071363231e+00
5.867121969921861080e+00 -2.735014700343534777e+00
4.038949172439657787e+00 -3.938083293059760681e+00
9.801599244037495495e-01 -4.160066088423585384e+00
4.978319589166922299e+00 -3.201146127488452287e+00
3.632797540655028357e+00 -4.204692360793577777e+00
8.178452996350102921e+00 -1.674170315406676268e+00
2.909478510437234267e+00 -2.089292422912412128e+00
4.857188311842892681e+00 -2.476721856971035418e+00
5.455105664186502779e+00 -2.576720149747234068e+00
9.807206899284945933e+00 -2.514026328967924773e+00
7.929187764988595788e+00 -1.963527295206931145e+00
-4.668650761858952336e-01 -5.952662104361708728e+00
4.662058222902904170e+00 -3.109203356429325993e+00
5.973556354495429765e+00 -2.012405201294329871e+00
9.728677980461659658e+00 -2.046429073282410194e+00
5.169337171835293177e+00 -2.553105378696490568e+00
7.340303330847389063e+00 -2.941594377635361024e+00
6.940227444057605055e-01 -4.413993527081099266e+00
3.220595394772269415e+00 -4.670888368451776351e+00
-2.145030190219959110e+00 -4.972683208730234838e+00
7.939124138436537415e+00 -2.949600634334749394e+00
6.564286629942077234e+00 -2.106267984813771754e+00
6.996627424776795223e+00 -2.539077034193597537e+00
4.681154667592969609e+00 -5.496315441287424441e+00
7.468430576922727937e+00 -2.173492630864616970e+00
1.547396296714060426e+00 -4.734268017238004944e+00
3.616890040679133111e+00 -3.915218359345693955e+00
8.720278558722071693e+00 -2.139192001040393531e+00
4.626308955888617014e+00 -3.404102428008973114e+00
6.952535061373783520e+00 -2.077167833082585791e+00
4.182804022254894782e+00 -2.908380116309946306e+00
7.028852005592585606e+00 -2.624376401867048347e+00
3.820811574324778803e+00 -4.049343208706848607e+00
1.043520931919413464e+01 -2.061919808906901075e+00
1.015135578388938864e+00 -3.483033443188030542e+00
6.373985554753710758e+00 -3.659951687381393093e+00
5.051285749308112472e+00 -2.279899600567224738e+00
6.982027554473843267e+00 -1.966782279955031632e+00
4.369294210607690410e+00 -2.459150775719778359e+00
9.113318279238427522e+00 -3.050314002821416182e+00
5.261847706842916139e+00 -3.441287421177527950e+00
3.875031016423525987e+00 -3.929195719761026329e+00
6.024343531743872049e+00 -1.946471766781341151e+00
7.184157307205161658e+00 -2.559683737710404916e+00
9.166036185450399998e+00 -2.189960458331977389e+00
4.580240251443760791e+00 -2.211274398330915325e+00
5.142583404890164189e-01 -4.271617363194708972e+00
4.141188577329294240e+00 -3.695248439867509838e+00
2.130339267858009755e+00 -3.359618132810595625e+00
1.448049233259660618e+00 -4.357788602737828754e+00
8.511258425710620301e+00 -1.764232150687594869e+00
8.114047991507730373e+00 -2.080455785830801041e+00
4.009443234527468647e+00 -2.435865626295662167e+00
6.431457511965212426e+00 -6.178933815154956655e-01
5.254534318346917310e+00 -3.896047444691193906e+00
5.538743932138725512e+00 -3.186228852035664527e+00
5.208093716128527007e+00 -2.691134737567982604e+00
5.624464741082682906e+00 -2.018584194842611534e+00
1.088338775103069977e+01 -2.527032970039916115e+00
1.832116902778221146e+00 -3.879770694248453111e+00
5.226012203292002667e+00 -2.456865997850614214e+00
6.346943566355747635e+00 -1.866453562848290781e+00
-1.273087438418439632e+00 -5.999362136357037301e+00
3.221701259100682613e+00 -3.340674987901402382e+00
2.923369240723953322e+00 -5.135409965992378645e+00
3.192418066625500650e+00 -4.641683555449097831e+00
2.444481078499809001e+00 -3.781227714759116232e+00
6.056014710092460618e+00 -3.438594422118836036e+00
5.729177249222548340e+00 -3.010783874691556949e+00
3.014745298397863316e+00 -2.467331043870441665e+00
7.928071729588484828e+00 -2.553653315897126852e+00
8.845858168627607654e+00 -2.041395671954005842e+00
4.182484970590948592e+00 -3.666125230163929771e+00
6.421598546455381751e+00 -1.129149350177856226e+00
6.513073932417931644e+00 -3.711110654915202645e+00
7.332071840642787386e+00 -2.448607823938430350e+00
6.387238342253507284e+00 -2.363583437002427345e+00
5.537518418335741544e+00 -4.790408100335231012e+00
5.815233616740254519e+00 -3.776526428200241092e+00
4.139198925415377595e+00 -3.874280787579506224e+00
8.334196430730635541e+00 -3.282649218886232845e+00
4.893527702404497859e+00 -3.116594464912466833e+00
1.034319391680072542e+01 -1.538690785898599866e+00
3.654402495514164961e+00 -5.030829387726379665e+00
4.337714580935442044e+00 -4.442751016570333888e+00
-3.677387086642127656e-01 -3.571255320372103803e+00
6.740973385798393558e+00 -2.512513086946706053e+00
-1.359973409208891759e+00 -4.881597461891114875e+00
5.518439678246098268e+00 -2.698039939216904770e+00
1.867468647203133436e+00 -4.204795631063878325e+00
7.422156050538540661e+00 -3.892483011825706996e+00
6.521070216702471001e+00 -1.668224207360953448e+00
5.771316179201168239e+00 -3.414710806281325617e+00
7.300431217322458366e+00 -2.059312999745795736e+00
7.276636039054614535e+00 -3.172336032579103016e+00
7.972210769284314935e+00 -1.751476080017063897e+00
4.654411164898241360e+00 -3.117008704971944599e+00
5.865607584362746429e+00 -2.999159041089639821e+00
8.281203284246450025e+00 -1.628457473824841406e+00
6.256969249090831298e-01 -4.686827640250633920e+00
7.416942370779917582e+00 -1.960441860063602215e+00
5.048725339408366430e+00 -4.364378034454857946e+00
6.403046149338724291e+00 -2.475428856086154372e+00
7.964710170928865907e+00 -3.302149902786065461e+00
4.936875520755678259e+00 -3.236243628715036458e+00
2.880845837857283431e+00 -4.640220103522914030e+00
8.029192329269365658e+00 -1.650321611857941351e+00
5.969775277890795095e+00 -4.308825342648744616e+00
1.040139242122909913e+01 -1.814402859868792683e+00
6.662805751668249066e+00 -1.728541014901876949e+00
1.427621286975991666e+00 -4.205023124202843299e+00
3.397102078135865177e+00 -4.547825820988292023e+00
3.404198767887467891e+00 -3.248160690023624841e+00
8.802614576379982125e+00 -8.069607009774153461e-01
5.155415436266161500e+00 -2.099577858554600773e+00
7.946279677912534645e+00 -2.102514065006600319e+00
4.630060845545735049e+00 -3.497868772541971261e+00
6.032278729574655607e+00 -2.954944524164486275e+00
3.586235907161251291e+00 -1.362463465145295594e+00
1.049552092367207035e+00 -3.708784808454813842e+00
5.916716799950361150e-01 -4.038759307398460230e+00
1.182917272473891401e+01 -1.440639750186404777e+00
8.031885078266878253e+00 -1.395519851804099876e+00
3.327217404948691559e+00 -3.820930940682760735e+00
3.785896645365057545e+00 -3.718991082514764734e+00
3.617711929863615339e+00 -3.657790997415650391e+00
-1.688238189819665891e+00 -4.785793425509316634e+00
3.213184737592640339e+00 -4.066929400228542768e+00
4.870880473091967922e+00 -4.131478697481696827e+00
3.346414042844971348e+00 -3.272339266228708965e+00
6.371681846342369226e+00 -2.758632476931901056e+00
4.570791890462095886e+00 -3.198549556911375102e+00
1.203444969621652927e+00 -2.248876319274918156e+00
7.751129538282578224e+00 -2.317320360581854199e+00
5.681864606625842917e+00 -3.022213139942158122e+00
8.800364582574689010e+00 -1.757353820167735448e+00
8.217585019384435085e+00 -1.682533171851892551e+00
2.737673077445752057e+00 -4.560873497730714377e+00
2.499978066633598228e+00 -3.962555324213918873e+00
5.381370241759585227e+00 -3.419767081175226764e+00
5.516596483907347803e+00 -3.130589984316010987e+00
4.966416420964901768e+00 -3.400428628052753588e+00
-2.507510782445496744e-01 -4.350639987924671104e+00
7.540479094134339810e+00 -3.245246115840536572e+00
6.034943687908151944e+00 -2.807878341429741020e+00
1.265359788167583588e+01 -1.706297795264052120e+00
3.622556496144501814e+00 -3.433583799302438511e+00
2.818692371120044005e+00 -3.274604481897688935e+00
6.270334261470162041e+00 -2.231019800487750615e+00
2.396850689033331872e+00 -2.052664321630286892e+00
2.252220165474833724e+00 -2.860085052306949205e+00
7.181390146158906695e+00 -1.644796861136301303e+00
6.736007192212817074e+00 -3.421488825657428290e+00
8.395178603494418468e+00 -2.810095180160187667e+00
2.919748684118647297e+00 -3.740567655427710747e+00
7.743325220359343675e+00 -2.689321773390862091e+00
1.842413934413107857e+00 -3.874130720836117092e+00
1.871696033781557578e+00 -3.527642674570947712e+00
5.213992281251628391e+00 -3.772586582485556228e+00
2.888736750691585087e+00 -4.215199802111781580e+00
1.587309560337011760e+00 -5.148544962952975368e+00
1.769668934615713951e+00 -2.833064910077920384e+00
7.063538957716736455e+00 -2.432770724328623402e+00
5.716901953496666522e+00 -1.656327256589433805e+00
3.673800962869807840e+00 -3.535076287794895578e+00
6.648831158151423892e+00 -9.825301111586561831e-01
1.606662210395937596e+00 -4.421248839329160241e+00
5.598566612241074658e+00 -3.474542861189743093e+00
1.046134449323862903e+00 -4.075854813669419485e+00
6.495078002984021381e+00 -2.530370937647577811e+00
4.033394913736676024e+00 -2.745204350724456344e+00
2.074284090867917207e+00 -3.183035532393794220e+00
5.378295005903881432e+00 -3.126308243852581104e+00
7.730056234020254990e-01 -3.545452057486362385e+00
1.995513197243855341e+00 -2.841620446504395048e+00
9.358396934760580876e+00 -2.334504385724269326e+00
9.798906020383626014e+00 -1.304547215533308213e+00
8.863178813683564528e+00 -1.893580718701023180e+00
8.248743445213255754e+00 -9.533974867848442614e-01
1.406040091181000928e+00 -4.994213570939419533e+00
-6.534536561419734824e-02 -3.455114823048840655e+00
9.608290897378658713e+00 -1.334100584701008341e+00
1.667874014423652795e+00 -3.915983466228422749e+00
1.070217195770592156e+00 -4.251269663474683824e+00
5.650429994610832729e+00 -3.710416352228857573e+00
1.749283570626183337e+00 -4.213808717341341215e+00
4.887633992687646867e+00 -3.357906995367551772e+00
3.112876324230578362e+00 -3.707362327320966155e+00
6.251063844155666516e+00 -3.731593346112484166e+00
6.284976590410171760e+00 -2.390163193931886809e+00
1.026704661947732689e+01 -1.271872886187984220e+00
1.105904428802124961e+01 -2.277071344374514528e+00
6.376677039284601278e+00 -1.660679513617315806e+00
4.791802164432331423e+00 -2.521087325330171325e+00
9.022201118151818022e+00 -1.468853238573393005e+00
4.697692299568518415e+00 -3.695198287064241693e+00
6.988349959792020449e+00 -1.744393862622354296e+00
7.777945414626869614e+00 -1.545350204476168221e+00
5.680109576525425474e+00 -2.208176987068889208e+00
7.565387524780419426e+00 -2.732058209025882256e+00
7.199264046274691076e+00 -2.507938380189092875e+00
8.839432271843493893e+00 -1.137873771326275429e+00
1.646045966340686562e+00 -3.211639596279455056e+00
6.181389043904108149e+00 -4.914958824403683479e-01
6.371790368338378308e+00 -2.604989167726704746e+00
5.310623711417544079e+00 -2.433197104258244980e+00
8.460790065520471970e+00 -3.366771715824899758e+00
5.463823362500592751e+00 -8.467969526636429656e-01
7.753064316903152786e+00 -2.758344683346431125e+00
2.576944634506972864e+00 -3.053093118072201406e+00
7.961763852181065637e+00 -2.228885544271757890e+00
5.009262789489143053e+00 -2.181354605196199614e+00
5.621855566446968488e+00 -2.514036956533499900e+00
1.339549895186220585e+00 -3.221244134073661058e+00
4.088529198304593493e+00 -3.813620633759656098e+00
8.014508061064578470e+00 -1.529334379277339506e+00
5.549092118114465677e+00 -3.844481814768125449e+00
9.356282619971185710e+00 -2.075331976298280257e+00
4.745190097495290082e+00 -2.545081716875034594e+00
1.122870523427955547e+01 -2.390482221871446988e+00
5.512978887987125098e+00 -3.769689658760789541e+00
5.403180536338371809e+00 -3.514672373441563025e+00
2.487578477941738697e+00 -3.621029697317592611e+00
4.728923360035774515e+00 -2.517321276696046439e+00
4.545986190678598327e+00 -3.192365491710312142e+00
